image_00000 160 149 225 179
image_00001 164 152 217 177
image_00002 159 148 224 176
image_00003 162 146 225 176
image_00004 161 146 230 176
image_00005 165 148 221 174
image_00006 167 150 227 177
image_00007 164 161 228 177
image_00008 162 164 235 177
image_00009 165 151 233 177
image_00010 167 148 231 179
image_00011 168 149 228 177
image_00012 166 149 227 178
image_00013 165 149 227 176
image_00014 164 148 228 175
image_00015 163 147 228 176
image_00016 165 153 222 179
image_00017 167 151 225 181
image_00018 167 149 219 178
image_00019 165 150 229 178
image_00020 170 149 221 181
image_00021 173 144 214 180
image_00022 175 144 206 177
image_00023 171 140 208 173
image_00024 170 141 209 175
image_00025 169 141 205 173
image_00026 171 140 206 174
image_00027 167 140 204 176
image_00028 176 146 199 174
image_00029 177 140 206 176
image_00030 181 140 204 177
image_00031 182 139 205 178
image_00032 182 138 207 173
image_00033 184 141 203 176
image_00034 185 141 205 172
image_00035 180 140 207 176
image_00036 186 139 202 176
image_00037 187 139 201 174
image_00038 186 141 201 177
image_00039 185 140 205 172
image_00040 185 139 209 175
image_00041 185 140 208 171
image_00042 187 139 207 172
image_00043 188 137 210 176
image_00044 188 137 213 163
image_00045 188 137 213 156
image_00046 189 135 212 159
image_00047 193 138 210 157
image_00048 192 135 210 153
image_00049 190 135 211 154
image_00050 189 137 212 154
image_00051 191 134 213 153
image_00052 194 134 210 151
image_00053 194 134 213 150
image_00054 196 134 212 153
image_00055 194 134 211 153
image_00056 195 134 212 151
image_00057 196 134 216 152
image_00058 198 137 209 152
image_00059 199 134 214 150
image_00060 199 135 211 150
image_00061 198 135 213 149
image_00062 196 133 213 150
image_00063 197 133 213 148
